0.000000	0.000000	2.000000	-0.500000	
0.000000	-1.000000	1.500000	-0.666667	
0.000000	-1.000000	1.333333	-0.750000	
0.000000	-1.000000	1.250000	-0.800000	
0.000000	-1.000000	1.200000	-0.833333	
0.000000	-1.000000	1.166667	-0.857143	
0.000000	-1.000000	1.142857	-0.875000	
0.000000	-1.000000	1.125000	-0.888889	
0.000000	-1.000000	1.111111	-0.900000	
0.000000	-1.000000	1.100000	-0.909091	
0.000000	-1.000000	1.090909	-0.916667	
0.000000	-1.000000	1.083333	-0.923077	
0.000000	-1.000000	1.076923	-0.928571	
0.000000	-1.000000	1.071429	-0.933333	
0.000000	-1.000000	1.066667	-0.937500	
0.000000	-1.000000	1.062500	-0.941176	
0.000000	-1.000000	1.058824	-0.944444	
0.000000	-1.000000	1.055556	-0.947368	
0.000000	-1.000000	1.052632	-0.950000	
0.000000	-1.000000	1.050000	-0.952381	
0.000000	-1.000000	1.047619	-0.954545	
0.000000	-1.000000	1.045455	-0.956522	
0.000000	-1.000000	1.043478	-0.958333	
0.000000	-1.000000	1.041667	-0.960000	
0.000000	-1.000000	1.040000	-0.961538	
0.000000	-1.000000	1.038462	-0.962963	
0.000000	-1.000000	1.037037	-0.964286	
0.000000	-1.000000	1.035714	-0.965517	
0.000000	-1.000000	1.034483	-0.966667	
0.000000	-1.000000	1.033333	-0.967742	
0.000000	-1.000000	1.032258	-0.968750	
0.000000	-1.000000	1.031250	-0.969697	
0.000000	-1.000000	1.030303	-0.970588	
0.000000	-1.000000	1.029412	-0.971429	
0.000000	-1.000000	1.028571	-0.972222	
0.000000	-1.000000	1.027778	-0.972973	
0.000000	-1.000000	1.027027	-0.973684	
0.000000	-1.000000	1.026316	-0.974359	
0.000000	-1.000000	1.025641	-0.975000	
0.000000	-1.000000	1.025000	-0.975610	
0.000000	-1.000000	1.024390	-0.976190	
0.000000	-1.000000	1.023810	-0.976744	
0.000000	-1.000000	1.023256	-0.977273	
0.000000	-1.000000	1.022727	-0.977778	
0.000000	-1.000000	1.022222	-0.978261	
0.000000	-1.000000	1.021739	-0.978723	
0.000000	-1.000000	1.021277	-0.979167	
0.000000	-1.000000	1.020833	-0.979592	
0.000000	-1.000000	1.020408	-0.980000	
0.000000	-1.000000	1.020000	-0.980392	
0.000000	-1.000000	1.019608	-0.980769	
0.000000	-1.000000	1.019231	-0.981132	
0.000000	-1.000000	1.018868	-0.981481	
0.000000	-1.000000	1.018519	-0.981818	
0.000000	-1.000000	1.018182	-0.982143	
0.000000	-1.000000	1.017857	-0.982456	
0.000000	-1.000000	1.017544	-0.982759	
0.000000	-1.000000	1.017241	-0.983051	
0.000000	-1.000000	1.016949	-0.983333	
0.000000	-1.000000	1.016667	-0.983607	
0.000000	-1.000000	1.016393	-0.983871	
0.000000	-1.000000	1.016129	-0.984127	
0.000000	-1.000000	1.015873	-0.984375	
0.000000	-1.000000	1.015625	-0.984615	
0.000000	-1.000000	1.015385	-0.984848	
0.000000	-1.000000	1.015152	-0.985075	
0.000000	-1.000000	1.014925	-0.985294	
0.000000	-1.000000	1.014706	-0.985507	
0.000000	-1.000000	1.014493	-0.985714	
0.000000	-1.000000	1.014286	-0.985915	
0.000000	-1.000000	1.014085	-0.986111	
0.000000	-1.000000	1.013889	-0.986301	
0.000000	-1.000000	1.013699	-0.986486	
0.000000	-1.000000	1.013514	-0.986667	
0.000000	-1.000000	1.013333	-0.986842	
0.000000	-1.000000	1.013158	-0.987013	
0.000000	-1.000000	1.012987	-0.987179	
0.000000	-1.000000	1.012821	-0.987342	
0.000000	-1.000000	1.012658	-0.987500	
0.000000	-1.000000	1.012500	-0.987654	
0.000000	-1.000000	1.012346	-0.987805	
0.000000	-1.000000	1.012195	-0.987952	
0.000000	-1.000000	1.012048	-0.988095	
0.000000	-1.000000	1.011905	-0.988235	
0.000000	-1.000000	1.011765	-0.988372	
0.000000	-1.000000	1.011628	-0.988506	
0.000000	-1.000000	1.011494	-0.988636	
0.000000	-1.000000	1.011364	-0.988764	
0.000000	-1.000000	1.011236	-0.988889	
0.000000	-1.000000	1.011111	-0.989011	
0.000000	-1.000000	1.010989	-0.989130	
0.000000	-1.000000	1.010870	-0.989247	
0.000000	-1.000000	1.010753	-0.989362	
0.000000	-1.000000	1.010638	-0.989474	
0.000000	-1.000000	1.010526	-0.989583	
0.000000	-1.000000	1.010417	-0.989691	
0.000000	-1.000000	1.010309	-0.989796	
0.000000	-1.000000	1.010204	-0.989899	
0.000000	-1.000000	1.010101	-0.990000	
0.000000	-1.000000	1.010000	-0.990099	
0.000000	-1.000000	1.009901	-0.990196	
0.000000	-1.000000	1.009804	-0.990291	
0.000000	-1.000000	1.009709	-0.990385	
0.000000	-1.000000	1.009615	-0.990476	
0.000000	-1.000000	1.009524	-0.990566	
0.000000	-1.000000	1.009434	-0.990654	
0.000000	-1.000000	1.009346	-0.990741	
0.000000	-1.000000	1.009259	-0.990826	
0.000000	-1.000000	1.009174	-0.990909	
0.000000	-1.000000	1.009091	-0.990991	
0.000000	-1.000000	1.009009	-0.991071	
0.000000	-1.000000	1.008929	-0.991150	
0.000000	-1.000000	1.008850	-0.991228	
0.000000	-1.000000	1.008772	-0.991304	
0.000000	-1.000000	1.008696	-0.991379	
0.000000	-1.000000	1.008621	-0.991453	
0.000000	-1.000000	1.008547	-0.991525	
0.000000	-1.000000	1.008475	-0.991597	
0.000000	-1.000000	1.008403	-0.991667	
0.000000	-1.000000	1.008333	-0.991736	
0.000000	-1.000000	1.008264	-0.991803	
0.000000	-1.000000	1.008197	-0.991870	
0.000000	-1.000000	1.008130	-0.991935	
0.000000	-1.000000	1.008065	-0.992000	
0.000000	-1.000000	1.008000	-0.992063	
0.000000	-1.000000	1.007937	-0.992126	
0.000000	-1.000000	1.007874	-0.992187	
0.000000	-1.000000	1.007813	-0.992248	
0.000000	-1.000000	1.007752	-0.992308	
0.000000	-1.000000	1.007692	-0.992366	
0.000000	-1.000000	1.007634	-0.992424	
0.000000	-1.000000	1.007576	-0.992481	
0.000000	-1.000000	1.007519	-0.992537	
0.000000	-1.000000	1.007463	-0.992593	
0.000000	-1.000000	1.007407	-0.992647	
0.000000	-1.000000	1.007353	-0.992701	
0.000000	-1.000000	1.007299	-0.992754	
0.000000	-1.000000	1.007246	-0.992806	
0.000000	-1.000000	1.007194	-0.992857	
0.000000	-1.000000	1.007143	-0.992908	
0.000000	-1.000000	1.007092	-0.992958	
0.000000	-1.000000	1.007042	-0.993007	
0.000000	-1.000000	1.006993	-0.993056	
0.000000	-1.000000	1.006944	-0.993103	
0.000000	-1.000000	1.006897	-0.993151	
0.000000	-1.000000	1.006849	-0.993197	
0.000000	-1.000000	1.006803	-0.993243	
0.000000	-1.000000	1.006757	-0.993289	
0.000000	-1.000000	1.006711	-0.993333	
0.000000	-1.000000	1.006667	-0.993377	
0.000000	-1.000000	1.006623	-0.993421	
0.000000	-1.000000	1.006579	-0.993464	
0.000000	-1.000000	1.006536	-0.993506	
0.000000	-1.000000	1.006494	-0.993548	
0.000000	-1.000000	1.006452	-0.993590	
0.000000	-1.000000	1.006410	-0.993631	
0.000000	-1.000000	1.006369	-0.993671	
0.000000	-1.000000	1.006329	-0.993711	
0.000000	-1.000000	1.006289	-0.993750	
0.000000	-1.000000	1.006250	-0.993789	
0.000000	-1.000000	1.006211	-0.993827	
0.000000	-1.000000	1.006173	-0.993865	
0.000000	-1.000000	1.006135	-0.993902	
0.000000	-1.000000	1.006098	-0.993939	
0.000000	-1.000000	1.006061	-0.993976	
0.000000	-1.000000	1.006024	-0.994012	
0.000000	-1.000000	1.005988	-0.994048	
0.000000	-1.000000	1.005952	-0.994083	
0.000000	-1.000000	1.005917	-0.994118	
0.000000	-1.000000	1.005882	-0.994152	
0.000000	-1.000000	1.005848	-0.994186	
0.000000	-1.000000	1.005814	-0.994220	
0.000000	-1.000000	1.005780	-0.994253	
0.000000	-1.000000	1.005747	-0.994286	
0.000000	-1.000000	1.005714	-0.994318	
0.000000	-1.000000	1.005682	-0.994350	
0.000000	-1.000000	1.005650	-0.994382	
0.000000	-1.000000	1.005618	-0.994413	
0.000000	-1.000000	1.005587	-0.994444	
0.000000	-1.000000	1.005556	-0.994475	
0.000000	-1.000000	1.005525	-0.994505	
0.000000	-1.000000	1.005495	-0.994536	
0.000000	-1.000000	1.005464	-0.994565	
0.000000	-1.000000	1.005435	-0.994595	
0.000000	-1.000000	1.005405	-0.994624	
0.000000	-1.000000	1.005376	-0.994652	
0.000000	-1.000000	1.005348	-0.994681	
0.000000	-1.000000	1.005319	-0.994709	
0.000000	-1.000000	1.005291	-0.994737	
0.000000	-1.000000	1.005263	-0.994764	
0.000000	-1.000000	1.005236	-0.994792	
0.000000	-1.000000	1.005208	-0.994819	
0.000000	-1.000000	1.005181	-0.994845	
0.000000	-1.000000	1.005155	-0.994872	
0.000000	-1.000000	1.005128	-0.994898	
0.000000	-1.000000	1.005102	-0.994924	
0.000000	-1.000000	1.005076	-0.994949	
0.000000	-1.000000	1.005051	-0.994975	
0.000000	-1.000000	1.005025	-0.995000	
0.000000	-1.000000	1.005000	-0.995025	
0.000000	-1.000000	1.004975	-0.995050	
0.000000	-1.000000	1.004950	-0.995074	
0.000000	-1.000000	1.004926	-0.995098	
0.000000	-1.000000	1.004902	-0.995122	
0.000000	-1.000000	1.004878	-0.995146	
0.000000	-1.000000	1.004854	-0.995169	
0.000000	-1.000000	1.004831	-0.995192	
0.000000	-1.000000	1.004808	-0.995215	
0.000000	-1.000000	1.004785	-0.995238	
0.000000	-1.000000	1.004762	-0.995261	
0.000000	-1.000000	1.004739	-0.995283	
0.000000	-1.000000	1.004717	-0.995305	
0.000000	-1.000000	1.004695	-0.995327	
0.000000	-1.000000	1.004673	-0.995349	
0.000000	-1.000000	1.004651	-0.995370	
0.000000	-1.000000	1.004630	-0.995392	
0.000000	-1.000000	1.004608	-0.995413	
0.000000	-1.000000	1.004587	-0.995434	
0.000000	-1.000000	1.004566	-0.995455	
0.000000	-1.000000	1.004545	-0.995475	
0.000000	-1.000000	1.004525	-0.995495	
0.000000	-1.000000	1.004505	-0.995516	
0.000000	-1.000000	1.004484	-0.995536	
0.000000	-1.000000	1.004464	-0.995556	
0.000000	-1.000000	1.004444	-0.995575	
0.000000	-1.000000	1.004425	-0.995595	
0.000000	-1.000000	1.004405	-0.995614	
0.000000	-1.000000	1.004386	-0.995633	
0.000000	-1.000000	1.004367	-0.995652	
0.000000	-1.000000	1.004348	-0.995671	
0.000000	-1.000000	1.004329	-0.995690	
0.000000	-1.000000	1.004310	-0.995708	
0.000000	-1.000000	1.004292	-0.995726	
0.000000	-1.000000	1.004274	-0.995745	
0.000000	-1.000000	1.004255	-0.995763	
0.000000	-1.000000	1.004237	-0.995781	
0.000000	-1.000000	1.004219	-0.995798	
0.000000	-1.000000	1.004202	-0.995816	
0.000000	-1.000000	1.004184	-0.995833	
0.000000	-1.000000	1.004167	-0.995851	
0.000000	-1.000000	1.004149	-0.995868	
0.000000	-1.000000	1.004132	-0.995885	
0.000000	-1.000000	1.004115	-0.995902	
0.000000	-1.000000	1.004098	-0.995918	
0.000000	-1.000000	1.004082	-0.995935	
0.000000	-1.000000	1.004065	-0.995951	
0.000000	-1.000000	1.004049	-0.995968	
0.000000	-1.000000	1.004032	-0.995984	
0.000000	-1.000000	1.004016	-0.996000	
0.000000	-1.000000	1.004000	-0.996016	
0.000000	-1.000000	1.003984	-0.996032	
0.000000	-1.000000	1.003968	-0.996047	
0.000000	-1.000000	1.003953	-0.996063	
0.000000	-1.000000	1.003937	-0.996078	
0.000000	-1.000000	1.003922	-0.996094	
0.000000	-1.000000	1.003906	-0.996109	
0.000000	-1.000000	1.003891	-0.996124	
0.000000	-1.000000	1.003876	-0.996139	
0.000000	-1.000000	1.003861	-0.996154	
0.000000	-1.000000	1.003846	-0.996169	
0.000000	-1.000000	1.003831	-0.996183	
0.000000	-1.000000	1.003817	-0.996198	
0.000000	-1.000000	1.003802	-0.996212	
0.000000	-1.000000	1.003788	-0.996226	
0.000000	-1.000000	1.003774	-0.996241	
0.000000	-1.000000	1.003759	-0.996255	
0.000000	-1.000000	1.003745	-0.996269	
0.000000	-1.000000	1.003731	-0.996283	
0.000000	-1.000000	1.003717	-0.996296	
0.000000	-1.000000	1.003704	-0.996310	
0.000000	-1.000000	1.003690	-0.996324	
0.000000	-1.000000	1.003676	-0.996337	
0.000000	-1.000000	1.003663	-0.996350	
0.000000	-1.000000	1.003650	-0.996364	
0.000000	-1.000000	1.003636	-0.996377	
0.000000	-1.000000	1.003623	-0.996390	
0.000000	-1.000000	1.003610	-0.996403	
0.000000	-1.000000	1.003597	-0.996416	
0.000000	-1.000000	1.003584	-0.996429	
0.000000	-1.000000	1.003571	-0.996441	
0.000000	-1.000000	1.003559	-0.996454	
0.000000	-1.000000	1.003546	-0.996466	
0.000000	-1.000000	1.003534	-0.996479	
0.000000	-1.000000	1.003521	-0.996491	
0.000000	-1.000000	1.003509	-0.996503	
0.000000	-1.000000	1.003497	-0.996516	
0.000000	-1.000000	1.003484	-0.996528	
0.000000	-1.000000	1.003472	-0.996540	
0.000000	-1.000000	1.003460	-0.996552	
0.000000	-1.000000	1.003448	-0.996564	
0.000000	-1.000000	1.003436	-0.996575	
0.000000	-1.000000	1.003425	-0.996587	
0.000000	-1.000000	1.003413	-0.996599	
0.000000	-1.000000	1.003401	-0.996610	
0.000000	-1.000000	1.003390	-0.996622	
0.000000	-1.000000	1.003378	-0.996633	
0.000000	-1.000000	1.003367	-0.996644	
0.000000	-1.000000	1.003356	-0.996656	
0.000000	-1.000000	1.003344	-0.996667	
0.000000	-1.000000	1.003333	-0.996678	
0.000000	-1.000000	1.003322	-0.996689	
0.000000	-1.000000	1.003311	-0.996700	
0.000000	-1.000000	1.003300	-0.996711	
0.000000	-1.000000	1.003289	-0.996721	
0.000000	-1.000000	1.003279	-0.996732	
0.000000	-1.000000	1.003268	-0.996743	
0.000000	-1.000000	1.003257	-0.996753	
0.000000	-1.000000	1.003247	-0.996764	
0.000000	-1.000000	1.003236	-0.996774	
0.000000	-1.000000	1.003226	-0.996785	
0.000000	-1.000000	1.003215	-0.996795	
0.000000	-1.000000	1.003205	-0.996805	
0.000000	-1.000000	1.003195	-0.996815	
0.000000	-1.000000	1.003185	-0.996825	
0.000000	-1.000000	1.003175	-0.996835	
0.000000	-1.000000	1.003165	-0.996845	
0.000000	-1.000000	1.003155	-0.996855	
0.000000	-1.000000	1.003145	-0.996865	
0.000000	-1.000000	1.003135	-0.996875	
0.000000	-1.000000	1.003125	-0.996885	
0.000000	-1.000000	1.003115	-0.996894	
0.000000	-1.000000	1.003106	-0.996904	
0.000000	-1.000000	1.003096	-0.996914	
0.000000	-1.000000	1.003086	-0.996923	
0.000000	-1.000000	1.003077	-0.996933	
0.000000	-1.000000	1.003067	-0.996942	
0.000000	-1.000000	1.003058	-0.996951	
0.000000	-1.000000	1.003049	-0.996960	
0.000000	-1.000000	1.003040	-0.996970	
0.000000	-1.000000	1.003030	-0.996979	
0.000000	-1.000000	1.003021	-0.996988	
0.000000	-1.000000	1.003012	-0.996997	
0.000000	-1.000000	1.003003	-0.997006	
0.000000	-1.000000	1.002994	-0.997015	
0.000000	-1.000000	1.002985	-0.997024	
0.000000	-1.000000	1.002976	-0.997033	
0.000000	-1.000000	1.002967	-0.997041	
0.000000	-1.000000	1.002959	-0.997050	
0.000000	-1.000000	1.002950	-0.997059	
0.000000	-1.000000	1.002941	-0.997067	
0.000000	-1.000000	1.002933	-0.997076	
0.000000	-1.000000	1.002924	-0.997085	
0.000000	-1.000000	1.002915	-0.997093	
0.000000	-1.000000	1.002907	-0.997101	
0.000000	-1.000000	1.002899	-0.997110	
0.000000	-1.000000	1.002890	-0.997118	
0.000000	-1.000000	1.002882	-0.997126	
0.000000	-1.000000	1.002874	-0.997135	
0.000000	-1.000000	1.002865	-0.997143	
0.000000	-1.000000	1.002857	-0.997151	
0.000000	-1.000000	1.002849	-0.997159	
0.000000	-1.000000	1.002841	-0.997167	
0.000000	-1.000000	1.002833	-0.997175	
0.000000	-1.000000	1.002825	-0.997183	
0.000000	-1.000000	1.002817	-0.997191	
0.000000	-1.000000	1.002809	-0.997199	
0.000000	-1.000000	1.002801	-0.997207	
0.000000	-1.000000	1.002793	-0.997214	
0.000000	-1.000000	1.002786	-0.997222	
0.000000	-1.000000	1.002778	-0.997230	
0.000000	-1.000000	1.002770	-0.997238	
0.000000	-1.000000	1.002762	-0.997245	
0.000000	-1.000000	1.002755	-0.997253	
0.000000	-1.000000	1.002747	-0.997260	
0.000000	-1.000000	1.002740	-0.997268	
0.000000	-1.000000	1.002732	-0.997275	
0.000000	-1.000000	1.002725	-0.997283	
0.000000	-1.000000	1.002717	-0.997290	
0.000000	-1.000000	1.002710	-0.997297	
0.000000	-1.000000	1.002703	-0.997305	
0.000000	-1.000000	1.002695	-0.997312	
0.000000	-1.000000	1.002688	-0.997319	
0.000000	-1.000000	1.002681	-0.997326	
0.000000	-1.000000	1.002674	-0.997333	
0.000000	-1.000000	1.002667	-0.997340	
0.000000	-1.000000	1.002660	-0.997347	
0.000000	-1.000000	1.002653	-0.997354	
0.000000	-1.000000	1.002646	-0.997361	
0.000000	-1.000000	1.002639	-0.997368	
0.000000	-1.000000	1.002632	-0.997375	
0.000000	-1.000000	1.002625	-0.997382	
0.000000	-1.000000	1.002618	-0.997389	
0.000000	-1.000000	1.002611	-0.997396	
0.000000	-1.000000	1.002604	-0.997403	
0.000000	-1.000000	1.002597	-0.997409	
0.000000	-1.000000	1.002591	-0.997416	
0.000000	-1.000000	1.002584	-0.997423	
0.000000	-1.000000	1.002577	-0.997429	
0.000000	-1.000000	1.002571	-0.997436	
0.000000	-1.000000	1.002564	-0.997442	
0.000000	-1.000000	1.002558	-0.997449	
0.000000	-1.000000	1.002551	-0.997455	
0.000000	-1.000000	1.002545	-0.997462	
0.000000	-1.000000	1.002538	-0.997468	
0.000000	-1.000000	1.002532	-0.997475	
0.000000	-1.000000	1.002525	-0.997481	
0.000000	-1.000000	1.002519	-0.997487	
0.000000	-1.000000	1.002513	-0.997494	
0.000000	-1.000000	1.002506	-0.997500	
0.000000	-1.000000	1.002500	-0.997506	
0.000000	-1.000000	1.002494	-0.997512	
0.000000	-1.000000	1.002488	-0.997519	
0.000000	-1.000000	1.002481	-0.997525	
0.000000	-1.000000	1.002475	-0.997531	
0.000000	-1.000000	1.002469	-0.997537	
0.000000	-1.000000	1.002463	-0.997543	
0.000000	-1.000000	1.002457	-0.997549	
0.000000	-1.000000	1.002451	-0.997555	
0.000000	-1.000000	1.002445	-0.997561	
0.000000	-1.000000	1.002439	-0.997567	
0.000000	-1.000000	1.002433	-0.997573	
0.000000	-1.000000	1.002427	-0.997579	
0.000000	-1.000000	1.002421	-0.997585	
0.000000	-1.000000	1.002415	-0.997590	
0.000000	-1.000000	1.002410	-0.997596	
0.000000	-1.000000	1.002404	-0.997602	
0.000000	-1.000000	1.002398	-0.997608	
0.000000	-1.000000	1.002392	-0.997613	
0.000000	-1.000000	1.002387	-0.997619	
0.000000	-1.000000	1.002381	-0.997625	
0.000000	-1.000000	1.002375	-0.997630	
0.000000	-1.000000	1.002370	-0.997636	
0.000000	-1.000000	1.002364	-0.997642	
0.000000	-1.000000	1.002358	-0.997647	
0.000000	-1.000000	1.002353	-0.997653	
0.000000	-1.000000	1.002347	-0.997658	
0.000000	-1.000000	1.002342	-0.997664	
0.000000	-1.000000	1.002336	-0.997669	
0.000000	-1.000000	1.002331	-0.997674	
0.000000	-1.000000	1.002326	-0.997680	
0.000000	-1.000000	1.002320	-0.997685	
0.000000	-1.000000	1.002315	-0.997691	
0.000000	-1.000000	1.002309	-0.997696	
0.000000	-1.000000	1.002304	-0.997701	
0.000000	-1.000000	1.002299	-0.997706	
0.000000	-1.000000	1.002294	-0.997712	
0.000000	-1.000000	1.002288	-0.997717	
0.000000	-1.000000	1.002283	-0.997722	
0.000000	-1.000000	1.002278	-0.997727	
0.000000	-1.000000	1.002273	-0.997732	
0.000000	-1.000000	1.002268	-0.997738	
0.000000	-1.000000	1.002262	-0.997743	
0.000000	-1.000000	1.002257	-0.997748	
0.000000	-1.000000	1.002252	-0.997753	
0.000000	-1.000000	1.002247	-0.997758	
0.000000	-1.000000	1.002242	-0.997763	
0.000000	-1.000000	1.002237	-0.997768	
0.000000	-1.000000	1.002232	-0.997773	
0.000000	-1.000000	1.002227	-0.997778	
0.000000	-1.000000	1.002222	-0.997783	
0.000000	-1.000000	1.002217	-0.997788	
0.000000	-1.000000	1.002212	-0.997792	
0.000000	-1.000000	1.002208	-0.997797	
0.000000	-1.000000	1.002203	-0.997802	
0.000000	-1.000000	1.002198	-0.997807	
0.000000	-1.000000	1.002193	-0.997812	
0.000000	-1.000000	1.002188	-0.997817	
0.000000	-1.000000	1.002183	-0.997821	
0.000000	-1.000000	1.002179	-0.997826	
0.000000	-1.000000	1.002174	-0.997831	
0.000000	-1.000000	1.002169	-0.997835	
0.000000	-1.000000	1.002165	-0.997840	
0.000000	-1.000000	1.002160	-0.997845	
0.000000	-1.000000	1.002155	-0.997849	
0.000000	-1.000000	1.002151	-0.997854	
0.000000	-1.000000	1.002146	-0.997859	
0.000000	-1.000000	1.002141	-0.997863	
0.000000	-1.000000	1.002137	-0.997868	
0.000000	-1.000000	1.002132	-0.997872	
0.000000	-1.000000	1.002128	-0.997877	
0.000000	-1.000000	1.002123	-0.997881	
0.000000	-1.000000	1.002119	-0.997886	
0.000000	-1.000000	1.002114	-0.997890	
0.000000	-1.000000	1.002110	-0.997895	
0.000000	-1.000000	1.002105	-0.997899	
0.000000	-1.000000	1.002101	-0.997904	
0.000000	-1.000000	1.002096	-0.997908	
0.000000	-1.000000	1.002092	-0.997912	
0.000000	-1.000000	1.002088	-0.997917	
0.000000	-1.000000	1.002083	-0.997921	
0.000000	-1.000000	1.002079	-0.997925	
0.000000	-1.000000	1.002075	-0.997930	
0.000000	-1.000000	1.002070	-0.997934	
0.000000	-1.000000	1.002066	-0.997938	
0.000000	-1.000000	1.002062	-0.997942	
0.000000	-1.000000	1.002058	-0.997947	
0.000000	-1.000000	1.002053	-0.997951	
0.000000	-1.000000	1.002049	-0.997955	
0.000000	-1.000000	1.002045	-0.997959	
0.000000	-1.000000	1.002041	-0.997963	
0.000000	-1.000000	1.002037	-0.997967	
0.000000	-1.000000	1.002033	-0.997972	
0.000000	-1.000000	1.002028	-0.997976	
0.000000	-1.000000	1.002024	-0.997980	
0.000000	-1.000000	1.002020	-0.997984	
0.000000	-1.000000	1.002016	-0.997988	
0.000000	-1.000000	1.002012	-0.997992	
0.000000	-1.000000	1.002008	-0.997996	
0.000000	-1.000000	1.002004	-0.998000	
0.000000	-1.000000	1.002000	-0.998004	
0.000000	-1.000000	1.001996	-0.998008	
0.000000	-1.000000	1.001992	-0.998012	
0.000000	-1.000000	1.001988	-0.998016	
0.000000	-1.000000	1.001984	-0.998020	
0.000000	-1.000000	1.001980	-0.998024	
0.000000	-1.000000	1.001976	-0.998028	
0.000000	-1.000000	1.001972	-0.998031	
0.000000	-1.000000	1.001969	-0.998035	
0.000000	-1.000000	1.001965	-0.998039	
0.000000	-1.000000	1.001961	-0.998043	
0.000000	-1.000000	1.001957	-0.998047	
0.000000	-1.000000	1.001953	-0.998051	
0.000000	-1.000000	1.001949	-0.998054	
0.000000	-1.000000	1.001946	-0.998058	
0.000000	-1.000000	1.001942	-0.998062	
0.000000	-1.000000	1.001938	-0.998066	
0.000000	-1.000000	1.001934	-0.998069	
0.000000	-1.000000	1.001931	-0.998073	
0.000000	-1.000000	1.001927	-0.998077	
0.000000	-1.000000	1.001923	-0.998081	
0.000000	-1.000000	1.001919	-0.998084	
0.000000	-1.000000	1.001916	-0.998088	
0.000000	-1.000000	1.001912	-0.998092	
0.000000	-1.000000	1.001908	-0.998095	
0.000000	-1.000000	1.001905	-0.998099	
0.000000	-1.000000	1.001901	-0.998102	
0.000000	-1.000000	1.001898	-0.998106	
0.000000	-1.000000	1.001894	-0.998110	
0.000000	-1.000000	1.001890	-0.998113	
0.000000	-1.000000	1.001887	-0.998117	
0.000000	-1.000000	1.001883	-0.998120	
0.000000	-1.000000	1.001880	-0.998124	
0.000000	-1.000000	1.001876	-0.998127	
0.000000	-1.000000	1.001873	-0.998131	
0.000000	-1.000000	1.001869	-0.998134	
0.000000	-1.000000	1.001866	-0.998138	
0.000000	-1.000000	1.001862	-0.998141	
0.000000	-1.000000	1.001859	-0.998145	
0.000000	-1.000000	1.001855	-0.998148	
0.000000	-1.000000	1.001852	-0.998152	
0.000000	-1.000000	1.001848	-0.998155	
0.000000	-1.000000	1.001845	-0.998158	
0.000000	-1.000000	1.001842	-0.998162	
0.000000	-1.000000	1.001838	-0.998165	
0.000000	-1.000000	1.001835	-0.998168	
0.000000	-1.000000	1.001832	-0.998172	
0.000000	-1.000000	1.001828	-0.998175	
0.000000	-1.000000	1.001825	-0.998179	
0.000000	-1.000000	1.001821	-0.998182	
0.000000	-1.000000	1.001818	-0.998185	
0.000000	-1.000000	1.001815	-0.998188	
0.000000	-1.000000	1.001812	-0.998192	
0.000000	-1.000000	1.001808	-0.998195	
0.000000	-1.000000	1.001805	-0.998198	
0.000000	-1.000000	1.001802	-0.998201	
0.000000	-1.000000	1.001799	-0.998205	
0.000000	-1.000000	1.001795	-0.998208	
0.000000	-1.000000	1.001792	-0.998211	
0.000000	-1.000000	1.001789	-0.998214	
0.000000	-1.000000	1.001786	-0.998217	
0.000000	-1.000000	1.001783	-0.998221	
0.000000	-1.000000	1.001779	-0.998224	
0.000000	-1.000000	1.001776	-0.998227	
0.000000	-1.000000	1.001773	-0.998230	
0.000000	-1.000000	1.001770	-0.998233	
0.000000	-1.000000	1.001767	-0.998236	
0.000000	-1.000000	1.001764	-0.998239	
0.000000	-1.000000	1.001761	-0.998243	
0.000000	-1.000000	1.001757	-0.998246	
0.000000	-1.000000	1.001754	-0.998249	
0.000000	-1.000000	1.001751	-0.998252	
0.000000	-1.000000	1.001748	-0.998255	
0.000000	-1.000000	1.001745	-0.998258	
0.000000	-1.000000	1.001742	-0.998261	
0.000000	-1.000000	1.001739	-0.998264	
0.000000	-1.000000	1.001736	-0.998267	
0.000000	-1.000000	1.001733	-0.998270	
0.000000	-1.000000	1.001730	-0.998273	
0.000000	-1.000000	1.001727	-0.998276	
0.000000	-1.000000	1.001724	-0.998279	
0.000000	-1.000000	1.001721	-0.998282	
0.000000	-1.000000	1.001718	-0.998285	
0.000000	-1.000000	1.001715	-0.998288	
0.000000	-1.000000	1.001712	-0.998291	
0.000000	-1.000000	1.001709	-0.998294	
0.000000	-1.000000	1.001706	-0.998296	
0.000000	-1.000000	1.001704	-0.998299	
0.000000	-1.000000	1.001701	-0.998302	
0.000000	-1.000000	1.001698	-0.998305	
0.000000	-1.000000	1.001695	-0.998308	
0.000000	-1.000000	1.001692	-0.998311	
0.000000	-1.000000	1.001689	-0.998314	
0.000000	-1.000000	1.001686	-0.998316	
0.000000	-1.000000	1.001684	-0.998319	
0.000000	-1.000000	1.001681	-0.998322	
0.000000	-1.000000	1.001678	-0.998325	
0.000000	-1.000000	1.001675	-0.998328	
0.000000	-1.000000	1.001672	-0.998331	
0.000000	-1.000000	1.001669	-0.998333	
0.000000	-1.000000	1.001667	-0.998336	
0.000000	-1.000000	1.001664	-0.998339	
0.000000	-1.000000	1.001661	-0.998342	
0.000000	-1.000000	1.001658	-0.998344	
0.000000	-1.000000	1.001656	-0.998347	
0.000000	-1.000000	1.001653	-0.998350	
0.000000	-1.000000	1.001650	-0.998353	
0.000000	-1.000000	1.001647	-0.998355	
0.000000	-1.000000	1.001645	-0.998358	
0.000000	-1.000000	1.001642	-0.998361	
0.000000	-1.000000	1.001639	-0.998363	
0.000000	-1.000000	1.001637	-0.998366	
0.000000	-1.000000	1.001634	-0.998369	
0.000000	-1.000000	1.001631	-0.998371	
0.000000	-1.000000	1.001629	-0.998374	
0.000000	-1.000000	1.001626	-0.998377	
0.000000	-1.000000	1.001623	-0.998379	
0.000000	-1.000000	1.001621	-0.998382	
0.000000	-1.000000	1.001618	-0.998384	
0.000000	-1.000000	1.001616	-0.998387	
0.000000	-1.000000	1.001613	-0.998390	
0.000000	-1.000000	1.001610	-0.998392	
0.000000	-1.000000	1.001608	-0.998395	
0.000000	-1.000000	1.001605	-0.998397	
0.000000	-1.000000	1.001603	-0.998400	
0.000000	-1.000000	1.001600	-0.998403	
0.000000	-1.000000	1.001597	-0.998405	
0.000000	-1.000000	1.001595	-0.998408	
0.000000	-1.000000	1.001592	-0.998410	
0.000000	-1.000000	1.001590	-0.998413	
0.000000	-1.000000	1.001587	-0.998415	
0.000000	-1.000000	1.001585	-0.998418	
0.000000	-1.000000	1.001582	-0.998420	
0.000000	-1.000000	1.001580	-0.998423	
0.000000	-1.000000	1.001577	-0.998425	
0.000000	-1.000000	1.001575	-0.998428	
0.000000	-1.000000	1.001572	-0.998430	
0.000000	-1.000000	1.001570	-0.998433	
0.000000	-1.000000	1.001567	-0.998435	
0.000000	-1.000000	1.001565	-0.998437	
0.000000	-1.000000	1.001563	-0.998440	
0.000000	-1.000000	1.001560	-0.998442	
0.000000	-1.000000	1.001558	-0.998445	
0.000000	-1.000000	1.001555	-0.998447	
0.000000	-1.000000	1.001553	-0.998450	
0.000000	-1.000000	1.001550	-0.998452	
0.000000	-1.000000	1.001548	-0.998454	
0.000000	-1.000000	1.001546	-0.998457	
0.000000	-1.000000	1.001543	-0.998459	
0.000000	-1.000000	1.001541	-0.998462	
0.000000	-1.000000	1.001538	-0.998464	
0.000000	-1.000000	1.001536	-0.998466	
0.000000	-1.000000	1.001534	-0.998469	
0.000000	-1.000000	1.001531	-0.998471	
0.000000	-1.000000	1.001529	-0.998473	
0.000000	-1.000000	1.001527	-0.998476	
0.000000	-1.000000	1.001524	-0.998478	
0.000000	-1.000000	1.001522	-0.998480	
0.000000	-1.000000	1.001520	-0.998483	
0.000000	-1.000000	1.001517	-0.998485	
0.000000	-1.000000	1.001515	-0.998487	
0.000000	-1.000000	1.001513	-0.998489	
0.000000	-1.000000	1.001511	-0.998492	
0.000000	-1.000000	1.001508	-0.998494	
0.000000	-1.000000	1.001506	-0.998496	
0.000000	-1.000000	1.001504	-0.998498	
0.000000	-1.000000	1.001502	-0.998501	
0.000000	-1.000000	1.001499	-0.998503	
0.000000	-1.000000	1.001497	-0.998505	
0.000000	-1.000000	1.001495	-0.998507	
0.000000	-1.000000	1.001493	-0.998510	
0.000000	-1.000000	1.001490	-0.998512	
0.000000	-1.000000	1.001488	-0.998514	
0.000000	-1.000000	1.001486	-0.998516	
0.000000	-1.000000	1.001484	-0.998519	
0.000000	-1.000000	1.001481	-0.998521	
0.000000	-1.000000	1.001479	-0.998523	
0.000000	-1.000000	1.001477	-0.998525	
0.000000	-1.000000	1.001475	-0.998527	
0.000000	-1.000000	1.001473	-0.998529	
0.000000	-1.000000	1.001471	-0.998532	
0.000000	-1.000000	1.001468	-0.998534	
0.000000	-1.000000	1.001466	-0.998536	
0.000000	-1.000000	1.001464	-0.998538	
0.000000	-1.000000	1.001462	-0.998540	
0.000000	-1.000000	1.001460	-0.998542	
0.000000	-1.000000	1.001458	-0.998544	
0.000000	-1.000000	1.001456	-0.998547	
0.000000	-1.000000	1.001453	-0.998549	
0.000000	-1.000000	1.001451	-0.998551	
0.000000	-1.000000	1.001449	-0.998553	
0.000000	-1.000000	1.001447	-0.998555	
0.000000	-1.000000	1.001445	-0.998557	
0.000000	-1.000000	1.001443	-0.998559	
0.000000	-1.000000	1.001441	-0.998561	
0.000000	-1.000000	1.001439	-0.998563	
0.000000	-1.000000	1.001437	-0.998565	
0.000000	-1.000000	1.001435	-0.998567	
0.000000	-1.000000	1.001433	-0.998569	
0.000000	-1.000000	1.001431	-0.998571	
0.000000	-1.000000	1.001429	-0.998573	
0.000000	-1.000000	1.001427	-0.998575	
0.000000	-1.000000	1.001425	-0.998578	
0.000000	-1.000000	1.001422	-0.998580	
0.000000	-1.000000	1.001420	-0.998582	
0.000000	-1.000000	1.001418	-0.998584	
0.000000	-1.000000	1.001416	-0.998586	
0.000000	-1.000000	1.001414	-0.998588	
0.000000	-1.000000	1.001412	-0.998590	
0.000000	-1.000000	1.001410	-0.998592	
0.000000	-1.000000	1.001408	-0.998594	
0.000000	-1.000000	1.001406	-0.998596	
0.000000	-1.000000	1.001404	-0.998597	
0.000000	-1.000000	1.001403	-0.998599	
0.000000	-1.000000	1.001401	-0.998601	
0.000000	-1.000000	1.001399	-0.998603	
0.000000	-1.000000	1.001397	-0.998605	
0.000000	-1.000000	1.001395	-0.998607	
0.000000	-1.000000	1.001393	-0.998609	
0.000000	-1.000000	1.001391	-0.998611	
0.000000	-1.000000	1.001389	-0.998613	
0.000000	-1.000000	1.001387	-0.998615	
0.000000	-1.000000	1.001385	-0.998617	
0.000000	-1.000000	1.001383	-0.998619	
0.000000	-1.000000	1.001381	-0.998621	
0.000000	-1.000000	1.001379	-0.998623	
0.000000	-1.000000	1.001377	-0.998624	
0.000000	-1.000000	1.001376	-0.998626	
0.000000	-1.000000	1.001374	-0.998628	
0.000000	-1.000000	1.001372	-0.998630	
0.000000	-1.000000	1.001370	-0.998632	
0.000000	-1.000000	1.001368	-0.998634	
0.000000	-1.000000	1.001366	-0.998636	
0.000000	-1.000000	1.001364	-0.998638	
0.000000	-1.000000	1.001362	-0.998639	
0.000000	-1.000000	1.001361	-0.998641	
0.000000	-1.000000	1.001359	-0.998643	
0.000000	-1.000000	1.001357	-0.998645	
0.000000	-1.000000	1.001355	-0.998647	
0.000000	-1.000000	1.001353	-0.998649	
0.000000	-1.000000	1.001351	-0.998650	
0.000000	-1.000000	1.001350	-0.998652	
0.000000	-1.000000	1.001348	-0.998654	
0.000000	-1.000000	1.001346	-0.998656	
0.000000	-1.000000	1.001344	-0.998658	
0.000000	-1.000000	1.001342	-0.998660	
0.000000	-1.000000	1.001340	-0.998661	
0.000000	-1.000000	1.001339	-0.998663	
0.000000	-1.000000	1.001337	-0.998665	
0.000000	-1.000000	1.001335	-0.998667	
0.000000	-1.000000	1.001333	-0.998668	
0.000000	-1.000000	1.001332	-0.998670	
0.000000	-1.000000	1.001330	-0.998672	
0.000000	-1.000000	1.001328	-0.998674	
0.000000	-1.000000	1.001326	-0.998675	
0.000000	-1.000000	1.001325	-0.998677	
0.000000	-1.000000	1.001323	-0.998679	
0.000000	-1.000000	1.001321	-0.998681	
0.000000	-1.000000	1.001319	-0.998682	
0.000000	-1.000000	1.001318	-0.998684	
0.000000	-1.000000	1.001316	-0.998686	
0.000000	-1.000000	1.001314	-0.998688	
0.000000	-1.000000	1.001312	-0.998689	
0.000000	-1.000000	1.001311	-0.998691	
0.000000	-1.000000	1.001309	-0.998693	
0.000000	-1.000000	1.001307	-0.998695	
0.000000	-1.000000	1.001305	-0.998696	
0.000000	-1.000000	1.001304	-0.998698	
0.000000	-1.000000	1.001302	-0.998700	
0.000000	-1.000000	1.001300	-0.998701	
0.000000	-1.000000	1.001299	-0.998703	
0.000000	-1.000000	1.001297	-0.998705	
0.000000	-1.000000	1.001295	-0.998706	
0.000000	-1.000000	1.001294	-0.998708	
0.000000	-1.000000	1.001292	-0.998710	
0.000000	-1.000000	1.001290	-0.998711	
0.000000	-1.000000	1.001289	-0.998713	
0.000000	-1.000000	1.001287	-0.998715	
0.000000	-1.000000	1.001285	-0.998716	
0.000000	-1.000000	1.001284	-0.998718	
0.000000	-1.000000	1.001282	-0.998720	
0.000000	-1.000000	1.001280	-0.998721	
0.000000	-1.000000	1.001279	-0.998723	
0.000000	-1.000000	1.001277	-0.998724	
0.000000	-1.000000	1.001276	-0.998726	
0.000000	-1.000000	1.001274	-0.998728	
0.000000	-1.000000	1.001272	-0.998729	
0.000000	-1.000000	1.001271	-0.998731	
0.000000	-1.000000	1.001269	-0.998733	
0.000000	-1.000000	1.001267	-0.998734	
0.000000	-1.000000	1.001266	-0.998736	
0.000000	-1.000000	1.001264	-0.998737	
0.000000	-1.000000	1.001263	-0.998739	
0.000000	-1.000000	1.001261	-0.998741	
0.000000	-1.000000	1.001259	-0.998742	
0.000000	-1.000000	1.001258	-0.998744	
0.000000	-1.000000	1.001256	-0.998745	
0.000000	-1.000000	1.001255	-0.998747	
0.000000	-1.000000	1.001253	-0.998748	
0.000000	-1.000000	1.001252	-0.998750	
0.000000	-1.000000	1.001250	-0.998752	
0.000000	-1.000000	1.001248	-0.998753	
0.000000	-1.000000	1.001247	-0.998755	
0.000000	-1.000000	1.001245	-0.998756	
0.000000	-1.000000	1.001244	-0.998758	
0.000000	-1.000000	1.001242	-0.998759	
0.000000	-1.000000	1.001241	-0.998761	
0.000000	-1.000000	1.001239	-0.998762	
0.000000	-1.000000	1.001238	-0.998764	
0.000000	-1.000000	1.001236	-0.998765	
0.000000	-1.000000	1.001235	-0.998767	
0.000000	-1.000000	1.001233	-0.998768	
0.000000	-1.000000	1.001232	-0.998770	
0.000000	-1.000000	1.001230	-0.998771	
0.000000	-1.000000	1.001229	-0.998773	
0.000000	-1.000000	1.001227	-0.998775	
0.000000	-1.000000	1.001225	-0.998776	
0.000000	-1.000000	1.001224	-0.998778	
0.000000	-1.000000	1.001222	-0.998779	
0.000000	-1.000000	1.001221	-0.998780	
0.000000	-1.000000	1.001220	-0.998782	
0.000000	-1.000000	1.001218	-0.998783	
0.000000	-1.000000	1.001217	-0.998785	
0.000000	-1.000000	1.001215	-0.998786	
0.000000	-1.000000	1.001214	-0.998788	
0.000000	-1.000000	1.001212	-0.998789	
0.000000	-1.000000	1.001211	-0.998791	
0.000000	-1.000000	1.001209	-0.998792	
0.000000	-1.000000	1.001208	-0.998794	
0.000000	-1.000000	1.001206	-0.998795	
0.000000	-1.000000	1.001205	-0.998797	
0.000000	-1.000000	1.001203	-0.998798	
0.000000	-1.000000	1.001202	-0.998800	
0.000000	-1.000000	1.001200	-0.998801	
0.000000	-1.000000	1.001199	-0.998802	
0.000000	-1.000000	1.001198	-0.998804	
0.000000	-1.000000	1.001196	-0.998805	
0.000000	-1.000000	1.001195	-0.998807	
0.000000	-1.000000	1.001193	-0.998808	
0.000000	-1.000000	1.001192	-0.998810	
0.000000	-1.000000	1.001190	-0.998811	
0.000000	-1.000000	1.001189	-0.998812	
0.000000	-1.000000	1.001188	-0.998814	
0.000000	-1.000000	1.001186	-0.998815	
0.000000	-1.000000	1.001185	-0.998817	
0.000000	-1.000000	1.001183	-0.998818	
0.000000	-1.000000	1.001182	-0.998819	
0.000000	-1.000000	1.001181	-0.998821	
0.000000	-1.000000	1.001179	-0.998822	
0.000000	-1.000000	1.001178	-0.998824	
0.000000	-1.000000	1.001176	-0.998825	
0.000000	-1.000000	1.001175	-0.998826	
0.000000	-1.000000	1.001174	-0.998828	
0.000000	-1.000000	1.001172	-0.998829	
0.000000	-1.000000	1.001171	-0.998830	
0.000000	-1.000000	1.001170	-0.998832	
0.000000	-1.000000	1.001168	-0.998833	
0.000000	-1.000000	1.001167	-0.998834	
0.000000	-1.000000	1.001166	-0.998836	
0.000000	-1.000000	1.001164	-0.998837	
0.000000	-1.000000	1.001163	-0.998839	
0.000000	-1.000000	1.001161	-0.998840	
0.000000	-1.000000	1.001160	-0.998841	
0.000000	-1.000000	1.001159	-0.998843	
0.000000	-1.000000	1.001157	-0.998844	
0.000000	-1.000000	1.001156	-0.998845	
0.000000	-1.000000	1.001155	-0.998847	
0.000000	-1.000000	1.001153	-0.998848	
0.000000	-1.000000	1.001152	-0.998849	
0.000000	-1.000000	1.001151	-0.998851	
0.000000	-1.000000	1.001149	-0.998852	
0.000000	-1.000000	1.001148	-0.998853	
0.000000	-1.000000	1.001147	-0.998855	
0.000000	-1.000000	1.001145	-0.998856	
0.000000	-1.000000	1.001144	-0.998857	
0.000000	-1.000000	1.001143	-0.998858	
0.000000	-1.000000	1.001142	-0.998860	
0.000000	-1.000000	1.001140	-0.998861	
0.000000	-1.000000	1.001139	-0.998862	
0.000000	-1.000000	1.001138	-0.998864	
0.000000	-1.000000	1.001136	-0.998865	
0.000000	-1.000000	1.001135	-0.998866	
0.000000	-1.000000	1.001134	-0.998867	
0.000000	-1.000000	1.001133	-0.998869	
0.000000	-1.000000	1.001131	-0.998870	
0.000000	-1.000000	1.001130	-0.998871	
0.000000	-1.000000	1.001129	-0.998873	
0.000000	-1.000000	1.001127	-0.998874	
0.000000	-1.000000	1.001126	-0.998875	
0.000000	-1.000000	1.001125	-0.998876	
0.000000	-1.000000	1.001124	-0.998878	
0.000000	-1.000000	1.001122	-0.998879	
0.000000	-1.000000	1.001121	-0.998880	
0.000000	-1.000000	1.001120	-0.998881	
0.000000	-1.000000	1.001119	-0.998883	
0.000000	-1.000000	1.001117	-0.998884	
0.000000	-1.000000	1.001116	-0.998885	
0.000000	-1.000000	1.001115	-0.998886	
0.000000	-1.000000	1.001114	-0.998888	
0.000000	-1.000000	1.001112	-0.998889	
0.000000	-1.000000	1.001111	-0.998890	
0.000000	-1.000000	1.001110	-0.998891	
0.000000	-1.000000	1.001109	-0.998893	
0.000000	-1.000000	1.001107	-0.998894	
0.000000	-1.000000	1.001106	-0.998895	
0.000000	-1.000000	1.001105	-0.998896	
0.000000	-1.000000	1.001104	-0.998897	
0.000000	-1.000000	1.001103	-0.998899	
0.000000	-1.000000	1.001101	-0.998900	
0.000000	-1.000000	1.001100	-0.998901	
0.000000	-1.000000	1.001099	-0.998902	
0.000000	-1.000000	1.001098	-0.998904	
0.000000	-1.000000	1.001096	-0.998905	
0.000000	-1.000000	1.001095	-0.998906	
0.000000	-1.000000	1.001094	-0.998907	
0.000000	-1.000000	1.001093	-0.998908	
0.000000	-1.000000	1.001092	-0.998909	
0.000000	-1.000000	1.001091	-0.998911	
0.000000	-1.000000	1.001089	-0.998912	
0.000000	-1.000000	1.001088	-0.998913	
0.000000	-1.000000	1.001087	-0.998914	
0.000000	-1.000000	1.001086	-0.998915	
0.000000	-1.000000	1.001085	-0.998917	
0.000000	-1.000000	1.001083	-0.998918	
0.000000	-1.000000	1.001082	-0.998919	
0.000000	-1.000000	1.001081	-0.998920	
0.000000	-1.000000	1.001080	-0.998921	
0.000000	-1.000000	1.001079	-0.998922	
0.000000	-1.000000	1.001078	-0.998924	
0.000000	-1.000000	1.001076	-0.998925	
0.000000	-1.000000	1.001075	-0.998926	
0.000000	-1.000000	1.001074	-0.998927	
0.000000	-1.000000	1.001073	-0.998928	
0.000000	-1.000000	1.001072	-0.998929	
0.000000	-1.000000	1.001071	-0.998930	
0.000000	-1.000000	1.001070	-0.998932	
0.000000	-1.000000	1.001068	-0.998933	
0.000000	-1.000000	1.001067	-0.998934	
0.000000	-1.000000	1.001066	-0.998935	
0.000000	-1.000000	1.001065	-0.998936	
0.000000	-1.000000	1.001064	-0.998937	
0.000000	-1.000000	1.001063	-0.998938	
0.000000	-1.000000	1.001062	-0.998940	
0.000000	-1.000000	1.001060	-0.998941	
0.000000	-1.000000	1.001059	-0.998942	
0.000000	-1.000000	1.001058	-0.998943	
0.000000	-1.000000	1.001057	-0.998944	
0.000000	-1.000000	1.001056	-0.998945	
0.000000	-1.000000	1.001055	-0.998946	
0.000000	-1.000000	1.001054	-0.998947	
0.000000	-1.000000	1.001053	-0.998948	
0.000000	-1.000000	1.001052	-0.998950	
0.000000	-1.000000	1.001050	-0.998951	
0.000000	-1.000000	1.001049	-0.998952	
0.000000	-1.000000	1.001048	-0.998953	
0.000000	-1.000000	1.001047	-0.998954	
0.000000	-1.000000	1.001046	-0.998955	
0.000000	-1.000000	1.001045	-0.998956	
0.000000	-1.000000	1.001044	-0.998957	
0.000000	-1.000000	1.001043	-0.998958	
0.000000	-1.000000	1.001042	-0.998959	
0.000000	-1.000000	1.001041	-0.998960	
0.000000	-1.000000	1.001040	-0.998962	
0.000000	-1.000000	1.001038	-0.998963	
0.000000	-1.000000	1.001037	-0.998964	
0.000000	-1.000000	1.001036	-0.998965	
0.000000	-1.000000	1.001035	-0.998966	
0.000000	-1.000000	1.001034	-0.998967	
0.000000	-1.000000	1.001033	-0.998968	
0.000000	-1.000000	1.001032	-0.998969	
0.000000	-1.000000	1.001031	-0.998970	
0.000000	-1.000000	1.001030	-0.998971	
0.000000	-1.000000	1.001029	-0.998972	
0.000000	-1.000000	1.001028	-0.998973	
0.000000	-1.000000	1.001027	-0.998974	
0.000000	-1.000000	1.001026	-0.998975	
0.000000	-1.000000	1.001025	-0.998976	
0.000000	-1.000000	1.001024	-0.998978	
0.000000	-1.000000	1.001022	-0.998979	
0.000000	-1.000000	1.001021	-0.998980	
0.000000	-1.000000	1.001020	-0.998981	
0.000000	-1.000000	1.001019	-0.998982	
0.000000	-1.000000	1.001018	-0.998983	
0.000000	-1.000000	1.001017	-0.998984	
0.000000	-1.000000	1.001016	-0.998985	
0.000000	-1.000000	1.001015	-0.998986	
0.000000	-1.000000	1.001014	-0.998987	
0.000000	-1.000000	1.001013	-0.998988	
0.000000	-1.000000	1.001012	-0.998989	
0.000000	-1.000000	1.001011	-0.998990	
0.000000	-1.000000	1.001010	-0.998991	
0.000000	-1.000000	1.001009	-0.998992	
0.000000	-1.000000	1.001008	-0.998993	
0.000000	-1.000000	1.001007	-0.998994	
0.000000	-1.000000	1.001006	-0.998995	
0.000000	-1.000000	1.001005	-0.998996	
0.000000	-1.000000	1.001004	-0.998997	
0.000000	-1.000000	1.001003	-0.998998	
0.000000	-1.000000	1.001002	-0.998999	
0.000000	-1.000000	1.001001	-0.999000	
0.000000	-1.000000	1.001000	0.000000	
